  19.786355      37.972182
  19.565442      38.080190
  19.361485      38.243643
  19.106159      38.375399
  18.895285      38.502475
  18.707942      38.670123
  18.457159      38.785343
  18.282465      38.922283
  18.140799      39.034619
  17.981669      39.227110
  17.775732      39.422987
  17.636892      39.570161
  17.405131      39.724137
  17.223055      39.909765
  16.969827      40.057081
  16.792526      40.141188
  16.634235      40.230863
  16.518531      40.367601
  16.316608      40.495479
  16.223186      40.587428
  16.059111      40.726670
  15.851070      40.904087
  15.709295      40.998440
  15.527085      41.166484
  15.371659      41.325541
  15.174785      41.558135
  15.068578      41.749807
  14.966645      41.891059
  14.725561      41.989122
  14.424312      42.068043
  14.201485      42.171250
  14.164917      42.315888
  14.139547      42.481470
  14.196756      42.707753
  14.122681      42.997090
  14.068102      43.171115
  14.033356      43.351424
  13.896836      43.621845
  13.666310      43.845771
  13.406231      43.955871
  13.100069      44.138511
  12.835426      44.211719
  12.461145      44.301879
  12.281567      44.507219
  11.959292      44.701619
  11.336855      44.744075
  10.964176      44.743691